  700
 0.150225000E+002  0.000000000E+000
 0.150225001E+002 -0.499995502E+000
 0.150225006E+002 -0.999991013E+000
 0.150225013E+002 -0.149998654E+001
 0.150225024E+002 -0.199998211E+001
 0.150225037E+002 -0.249997771E+001
 0.150225054E+002 -0.299997336E+001
 0.150225073E+002 -0.349996907E+001
 0.150225096E+002 -0.399996485E+001
 0.150225121E+002 -0.449996070E+001
 0.150225150E+002 -0.499995665E+001
 0.150225181E+002 -0.549995270E+001
 0.150225215E+002 -0.599994885E+001
 0.150225253E+002 -0.649994513E+001
 0.150225293E+002 -0.699994153E+001
 0.150225337E+002 -0.749993807E+001
 0.150225383E+002 -0.799993477E+001
 0.150225432E+002 -0.849993161E+001
 0.150225485E+002 -0.899992863E+001
 0.150225540E+002 -0.949992583E+001
 0.150225598E+002 -0.999992321E+001
 0.150225660E+002 -0.104999208E+002
 0.150225724E+002 -0.109999186E+002
 0.150225791E+002 -0.114999166E+002
 0.150225862E+002 -0.119999148E+002
 0.150225935E+002 -0.124999133E+002
 0.150226012E+002 -0.129999120E+002
 0.150226091E+002 -0.134999110E+002
 0.150226173E+002 -0.139999103E+002
 0.150226259E+002 -0.144999098E+002
 0.150226347E+002 -0.149999096E+002
 0.150226438E+002 -0.154999097E+002
 0.150226533E+002 -0.159999101E+002
 0.150226630E+002 -0.164999109E+002
 0.150226730E+002 -0.169999119E+002
 0.150226834E+002 -0.174999133E+002
 0.150226940E+002 -0.179999151E+002
 0.150227050E+002 -0.184999172E+002
 0.150227162E+002 -0.189999196E+002
 0.150227278E+002 -0.194999225E+002
 0.150227396E+002 -0.199999257E+002
 0.150227517E+002 -0.204999293E+002
 0.150227642E+002 -0.209999334E+002
 0.150227769E+002 -0.214999378E+002
 0.150227900E+002 -0.219999427E+002
 0.150228033E+002 -0.224999480E+002
 0.150228170E+002 -0.229999538E+002
 0.150228310E+002 -0.234999600E+002
 0.150228452E+002 -0.239999667E+002
 0.150228598E+002 -0.244999738E+002
 0.150228747E+002 -0.249999815E+002
 0.150228898E+002 -0.254999896E+002
 0.150229053E+002 -0.259999982E+002
 0.150229211E+002 -0.265000074E+002
 0.150229371E+002 -0.270000171E+002
 0.150229535E+002 -0.275000273E+002
 0.150229702E+002 -0.280000381E+002
 0.150229872E+002 -0.285000494E+002
 0.150230045E+002 -0.290000613E+002
 0.150230221E+002 -0.295000737E+002
 0.150230400E+002 -0.300000868E+002
 0.150230582E+002 -0.305001004E+002
 0.150230767E+002 -0.310001146E+002
 0.150230955E+002 -0.315001295E+002
 0.150231146E+002 -0.320001450E+002
 0.150231341E+002 -0.325001611E+002
 0.150231538E+002 -0.330001778E+002
 0.150231738E+002 -0.335001953E+002
 0.150231942E+002 -0.340002133E+002
 0.150232148E+002 -0.345002321E+002
 0.150232358E+002 -0.350002515E+002
 0.150232570E+002 -0.355002716E+002
 0.150232786E+002 -0.360002925E+002
 0.150233005E+002 -0.365003140E+002
 0.150233227E+002 -0.370003363E+002
 0.150233451E+002 -0.375003593E+002
 0.150233679E+002 -0.380003830E+002
 0.150233910E+002 -0.385004075E+002
 0.150234145E+002 -0.390004328E+002
 0.150234382E+002 -0.395004588E+002
 0.150234622E+002 -0.400004856E+002
 0.150234865E+002 -0.405005133E+002
 0.150235112E+002 -0.410005417E+002
 0.150235361E+002 -0.415005709E+002
 0.150235614E+002 -0.420006009E+002
 0.150235870E+002 -0.425006318E+002
 0.150236129E+002 -0.430006635E+002
 0.150236391E+002 -0.435006961E+002
 0.150236656E+002 -0.440007296E+002
 0.150236924E+002 -0.445007639E+002
 0.150237195E+002 -0.450007991E+002
 0.150237469E+002 -0.455008351E+002
 0.150237747E+002 -0.460008721E+002
 0.150238027E+002 -0.465009100E+002
 0.150238311E+002 -0.470009488E+002
 0.150238598E+002 -0.475009886E+002
 0.150238888E+002 -0.480010293E+002
 0.150239181E+002 -0.485010709E+002
 0.150239477E+002 -0.490011135E+002
 0.150239777E+002 -0.495011571E+002
 0.150240079E+002 -0.500012016E+002
 0.150243210E+002 -0.549016922E+002
 0.150246646E+002 -0.598022873E+002
 0.150250389E+002 -0.647029963E+002
 0.150254444E+002 -0.696038283E+002
 0.150258813E+002 -0.745047928E+002
 0.150263502E+002 -0.794058991E+002
 0.150268514E+002 -0.843071565E+002
 0.150273854E+002 -0.892085743E+002
 0.150279527E+002 -0.941101618E+002
 0.150285537E+002 -0.990119284E+002
 0.150291891E+002 -0.103913883E+003
 0.150298594E+002 -0.108816036E+003
 0.150305652E+002 -0.113718396E+003
 0.150313072E+002 -0.118620971E+003
 0.150320859E+002 -0.123523773E+003
 0.150329020E+002 -0.128426809E+003
 0.150337563E+002 -0.133330090E+003
 0.150346495E+002 -0.138233624E+003
 0.150355824E+002 -0.143137421E+003
 0.150365557E+002 -0.148041490E+003
 0.150375703E+002 -0.152945841E+003
 0.150386269E+002 -0.157850482E+003
 0.150397265E+002 -0.162755424E+003
 0.150408700E+002 -0.167660675E+003
 0.150420583E+002 -0.172566244E+003
 0.150432924E+002 -0.177472141E+003
 0.150445731E+002 -0.182378375E+003
 0.150459016E+002 -0.187284956E+003
 0.150472789E+002 -0.192191893E+003
 0.150487060E+002 -0.197099195E+003
 0.150501840E+002 -0.202006871E+003
 0.150517141E+002 -0.206914930E+003
 0.150532973E+002 -0.211823383E+003
 0.150549349E+002 -0.216732237E+003
 0.150566280E+002 -0.221641503E+003
 0.150583780E+002 -0.226551190E+003
 0.150601859E+002 -0.231461307E+003
 0.150620532E+002 -0.236371862E+003
 0.150639811E+002 -0.241282867E+003
 0.150659709E+002 -0.246194329E+003
 0.150680241E+002 -0.251106257E+003
 0.150701420E+002 -0.256018663E+003
 0.150723260E+002 -0.260931553E+003
 0.150745776E+002 -0.265844938E+003
 0.150768982E+002 -0.270758827E+003
 0.150792894E+002 -0.275673230E+003
 0.150817526E+002 -0.280588154E+003
 0.150842895E+002 -0.285503610E+003
 0.150869016E+002 -0.290419607E+003
 0.150895905E+002 -0.295336155E+003
 0.150923578E+002 -0.300253261E+003
 0.150952053E+002 -0.305170936E+003
 0.150981346E+002 -0.310089188E+003
 0.151011474E+002 -0.315008028E+003
 0.151042454E+002 -0.319927463E+003
 0.151074305E+002 -0.324847504E+003
 0.151107045E+002 -0.329768159E+003
 0.151140691E+002 -0.334689438E+003
 0.151175262E+002 -0.339611350E+003
 0.151210778E+002 -0.344533904E+003
 0.151247256E+002 -0.349457109E+003
 0.151284717E+002 -0.354380974E+003
 0.151323180E+002 -0.359305509E+003
 0.151362664E+002 -0.364230722E+003
 0.151403191E+002 -0.369156624E+003
 0.151444781E+002 -0.374083222E+003
 0.151487453E+002 -0.379010527E+003
 0.151531230E+002 -0.383938547E+003
 0.151576133E+002 -0.388867291E+003
 0.151622182E+002 -0.393796769E+003
 0.151669400E+002 -0.398726989E+003
 0.151717809E+002 -0.403657962E+003
 0.151767431E+002 -0.408589695E+003
 0.151818289E+002 -0.413522199E+003
 0.151870406E+002 -0.418455481E+003
 0.151923804E+002 -0.423389552E+003
 0.151978508E+002 -0.428324420E+003
 0.152034540E+002 -0.433260095E+003
 0.152091925E+002 -0.438196585E+003
 0.152150688E+002 -0.443133900E+003
 0.152210851E+002 -0.448072048E+003
 0.152272442E+002 -0.453011039E+003
 0.152335483E+002 -0.457950882E+003
 0.152400001E+002 -0.462891586E+003
 0.152466021E+002 -0.467833160E+003
 0.152533570E+002 -0.472775613E+003
 0.152602672E+002 -0.477718954E+003
 0.152673355E+002 -0.482663191E+003
 0.152745645E+002 -0.487608335E+003
 0.152819569E+002 -0.492554395E+003
 0.152895155E+002 -0.497501378E+003
 0.152972429E+002 -0.502449294E+003
 0.153051419E+002 -0.507398153E+003
 0.153132154E+002 -0.512347962E+003
 0.153214662E+002 -0.517298732E+003
 0.153298970E+002 -0.522250471E+003
 0.153385109E+002 -0.527203188E+003
 0.153473106E+002 -0.532156892E+003
 0.153562992E+002 -0.537111592E+003
 0.153654796E+002 -0.542067297E+003
 0.153748547E+002 -0.547024015E+003
 0.153844277E+002 -0.551981757E+003
 0.153942014E+002 -0.556940531E+003
 0.154041791E+002 -0.561900345E+003
 0.154143637E+002 -0.566861209E+003
 0.154247585E+002 -0.571823132E+003
 0.154353665E+002 -0.576786122E+003
 0.154461909E+002 -0.581750188E+003
 0.154572349E+002 -0.586715340E+003
 0.154685017E+002 -0.591681586E+003
 0.154799947E+002 -0.596648934E+003
 0.154917170E+002 -0.601617395E+003
 0.155036720E+002 -0.606586977E+003
 0.155158631E+002 -0.611557688E+003
 0.155282934E+002 -0.616529538E+003
 0.155409666E+002 -0.621502535E+003
 0.155538859E+002 -0.626476688E+003
 0.155670547E+002 -0.631452006E+003
 0.155804767E+002 -0.636428498E+003
 0.155941552E+002 -0.641406173E+003
 0.156080938E+002 -0.646385039E+003
 0.156222959E+002 -0.651365105E+003
 0.156367653E+002 -0.656346381E+003
 0.156515054E+002 -0.661328874E+003
 0.156665199E+002 -0.666312593E+003
 0.156818125E+002 -0.671297548E+003
 0.156973867E+002 -0.676283747E+003
 0.157132464E+002 -0.681271199E+003
 0.157293953E+002 -0.686259912E+003
 0.157458370E+002 -0.691249895E+003
 0.157625754E+002 -0.696241158E+003
 0.157796143E+002 -0.701233708E+003
 0.157969574E+002 -0.706227555E+003
 0.158146088E+002 -0.711222706E+003
 0.158325722E+002 -0.716219172E+003
 0.158508516E+002 -0.721216960E+003
 0.158694509E+002 -0.726216079E+003
 0.158883740E+002 -0.731216537E+003
 0.159076250E+002 -0.736218345E+003
 0.159272078E+002 -0.741221509E+003
 0.159471265E+002 -0.746226039E+003
 0.159673852E+002 -0.751231943E+003
 0.159879880E+002 -0.756239230E+003
 0.160089389E+002 -0.761247908E+003
 0.160302422E+002 -0.766257987E+003
 0.160519020E+002 -0.771269474E+003
 0.160739224E+002 -0.776282379E+003
 0.160963077E+002 -0.781296709E+003
 0.161190622E+002 -0.786312474E+003
 0.161421902E+002 -0.791329681E+003
 0.161656958E+002 -0.796348341E+003
 0.161895835E+002 -0.801368460E+003
 0.162138577E+002 -0.806390047E+003
 0.162385226E+002 -0.811413112E+003
 0.162635826E+002 -0.816437661E+003
 0.162890423E+002 -0.821463705E+003
 0.163149061E+002 -0.826491252E+003
 0.163411784E+002 -0.831520309E+003
 0.163678637E+002 -0.836550885E+003
 0.163949666E+002 -0.841582990E+003
 0.164224917E+002 -0.846616630E+003
 0.164504434E+002 -0.851651815E+003
 0.164788265E+002 -0.856688554E+003
 0.165076456E+002 -0.861726853E+003
 0.165369053E+002 -0.866766723E+003
 0.165666102E+002 -0.871808170E+003
 0.165967652E+002 -0.876851205E+003
 0.166273749E+002 -0.881895834E+003
 0.166584441E+002 -0.886942066E+003
 0.166899776E+002 -0.891989910E+003
 0.167219802E+002 -0.897039374E+003
 0.167544568E+002 -0.902090467E+003
 0.167874121E+002 -0.907143195E+003
 0.168208511E+002 -0.912197569E+003
 0.168547787E+002 -0.917253596E+003
 0.168891999E+002 -0.922311284E+003
 0.169241195E+002 -0.927370642E+003
 0.169595426E+002 -0.932431678E+003
 0.169954743E+002 -0.937494399E+003
 0.170319194E+002 -0.942558816E+003
 0.170688832E+002 -0.947624934E+003
 0.171063706E+002 -0.952692764E+003
 0.171443869E+002 -0.957762312E+003
 0.171829371E+002 -0.962833588E+003
 0.172220264E+002 -0.967906599E+003
 0.172616600E+002 -0.972981353E+003
 0.173018431E+002 -0.978057859E+003
 0.173425809E+002 -0.983136124E+003
 0.173838788E+002 -0.988216158E+003
 0.174257419E+002 -0.993297967E+003
 0.174681757E+002 -0.998381560E+003
 0.175111854E+002 -0.100346695E+004
 0.175547764E+002 -0.100855413E+004
 0.175989541E+002 -0.101364312E+004
 0.176437239E+002 -0.101873394E+004
 0.176890913E+002 -0.102382657E+004
 0.177350617E+002 -0.102892104E+004
 0.177816406E+002 -0.103401734E+004
 0.178288336E+002 -0.103911550E+004
 0.178766460E+002 -0.104421551E+004
 0.179250836E+002 -0.104931739E+004
 0.179741519E+002 -0.105442113E+004
 0.180238564E+002 -0.105952676E+004
 0.180742029E+002 -0.106463428E+004
 0.181251971E+002 -0.106974369E+004
 0.181768445E+002 -0.107485501E+004
 0.182291508E+002 -0.107996823E+004
 0.182821220E+002 -0.108508338E+004
 0.183357635E+002 -0.109020046E+004
 0.183900814E+002 -0.109531947E+004
 0.184450813E+002 -0.110044042E+004
 0.185007692E+002 -0.110556332E+004
 0.185571507E+002 -0.111068819E+004
 0.186142319E+002 -0.111581502E+004
 0.186720187E+002 -0.112094382E+004
 0.187305169E+002 -0.112607461E+004
 0.187897325E+002 -0.113120738E+004
 0.188496715E+002 -0.113634216E+004
 0.189103399E+002 -0.114147894E+004
 0.189717437E+002 -0.114661773E+004
 0.190338890E+002 -0.115175854E+004
 0.190967818E+002 -0.115690139E+004
 0.191604282E+002 -0.116204626E+004
 0.192248344E+002 -0.116719319E+004
 0.192900065E+002 -0.117234216E+004
 0.193559506E+002 -0.117749319E+004
 0.194226730E+002 -0.118264629E+004
 0.194901798E+002 -0.118780146E+004
 0.195584774E+002 -0.119295872E+004
 0.196275719E+002 -0.119811806E+004
 0.196974696E+002 -0.120327951E+004
 0.197681770E+002 -0.120844305E+004
 0.198397002E+002 -0.121360871E+004
 0.199120457E+002 -0.121877649E+004
 0.199852199E+002 -0.122394639E+004
 0.200592290E+002 -0.122911843E+004
 0.201340797E+002 -0.123429262E+004
 0.202097783E+002 -0.123946895E+004
 0.202863313E+002 -0.124464744E+004
 0.203637451E+002 -0.124982809E+004
 0.204420265E+002 -0.125501091E+004
 0.205211817E+002 -0.126019592E+004
 0.206012176E+002 -0.126538311E+004
 0.206821405E+002 -0.127057249E+004
 0.207639572E+002 -0.127576408E+004
 0.208466743E+002 -0.128095787E+004
 0.209302985E+002 -0.128615388E+004
 0.210148364E+002 -0.129135212E+004
 0.211002947E+002 -0.129655258E+004
 0.211866802E+002 -0.130175528E+004
 0.212739997E+002 -0.130696023E+004
 0.213622599E+002 -0.131216743E+004
 0.214514676E+002 -0.131737689E+004
 0.215416296E+002 -0.132258861E+004
 0.216327528E+002 -0.132780261E+004
 0.217248441E+002 -0.133301889E+004
 0.218179104E+002 -0.133823746E+004
 0.219119585E+002 -0.134345832E+004
 0.220069954E+002 -0.134868149E+004
 0.221030281E+002 -0.135390697E+004
 0.222000636E+002 -0.135913476E+004
 0.222981088E+002 -0.136436488E+004
 0.223971708E+002 -0.136959733E+004
 0.224972567E+002 -0.137483211E+004
 0.225983735E+002 -0.138006924E+004
 0.227005284E+002 -0.138530873E+004
 0.228037284E+002 -0.139055057E+004
 0.229079807E+002 -0.139579478E+004
 0.230132924E+002 -0.140104136E+004
 0.231196708E+002 -0.140629032E+004
 0.232271231E+002 -0.141154167E+004
 0.233356564E+002 -0.141679541E+004
 0.234452781E+002 -0.142205155E+004
 0.235559955E+002 -0.142731010E+004
 0.236678157E+002 -0.143257106E+004
 0.237807462E+002 -0.143783445E+004
 0.238947944E+002 -0.144310026E+004
 0.240099674E+002 -0.144836851E+004
 0.241262729E+002 -0.145363920E+004
 0.242437181E+002 -0.145891234E+004
 0.243623105E+002 -0.146418794E+004
 0.244820576E+002 -0.146946599E+004
 0.246029668E+002 -0.147474652E+004
 0.247250457E+002 -0.148002952E+004
 0.248483017E+002 -0.148531500E+004
 0.249727424E+002 -0.149060297E+004
 0.250983754E+002 -0.149589344E+004
 0.252252083E+002 -0.150118641E+004
 0.253532486E+002 -0.150648189E+004
 0.254825040E+002 -0.151177988E+004
 0.256129822E+002 -0.151708040E+004
 0.257446908E+002 -0.152238344E+004
 0.258776375E+002 -0.152768902E+004
 0.260118301E+002 -0.153299714E+004
 0.261472763E+002 -0.153830781E+004
 0.262839838E+002 -0.154362104E+004
 0.264219604E+002 -0.154893682E+004
 0.265612140E+002 -0.155425518E+004
 0.267017523E+002 -0.155957610E+004
 0.268435833E+002 -0.156489961E+004
 0.269867147E+002 -0.157022571E+004
 0.271311545E+002 -0.157555439E+004
 0.272769105E+002 -0.158088568E+004
 0.274239908E+002 -0.158621958E+004
 0.275724032E+002 -0.159155608E+004
 0.277221558E+002 -0.159689521E+004
 0.278732565E+002 -0.160223696E+004
 0.280257133E+002 -0.160758134E+004
 0.281795344E+002 -0.161292836E+004
 0.283347277E+002 -0.161827802E+004
 0.284913013E+002 -0.162363033E+004
 0.286492633E+002 -0.162898530E+004
 0.288086219E+002 -0.163434294E+004
 0.289693852E+002 -0.163970324E+004
 0.291315614E+002 -0.164506621E+004
 0.292951586E+002 -0.165043187E+004
 0.294601850E+002 -0.165580021E+004
 0.296266489E+002 -0.166117125E+004
 0.297945586E+002 -0.166654498E+004
 0.299639222E+002 -0.167192142E+004
 0.301347481E+002 -0.167730058E+004
 0.303070446E+002 -0.168268245E+004
 0.304808200E+002 -0.168806704E+004
 0.306560827E+002 -0.169345436E+004
 0.308328410E+002 -0.169884442E+004
 0.310111033E+002 -0.170423722E+004
 0.311908781E+002 -0.170963277E+004
 0.313721737E+002 -0.171503107E+004
 0.315549986E+002 -0.172043212E+004
 0.317393613E+002 -0.172583595E+004
 0.319252703E+002 -0.173124254E+004
 0.321127341E+002 -0.173665191E+004
 0.323017612E+002 -0.174206407E+004
 0.324923602E+002 -0.174747901E+004
 0.326845396E+002 -0.175289674E+004
 0.328783081E+002 -0.175831728E+004
 0.330736742E+002 -0.176374062E+004
 0.332706466E+002 -0.176916677E+004
 0.334692339E+002 -0.177459573E+004
 0.336694448E+002 -0.178002752E+004
 0.338712880E+002 -0.178546214E+004
 0.340747722E+002 -0.179089959E+004
 0.342799061E+002 -0.179633988E+004
 0.344866985E+002 -0.180178302E+004
 0.346951582E+002 -0.180722901E+004
 0.349052939E+002 -0.181267785E+004
 0.351171145E+002 -0.181812955E+004
 0.353306287E+002 -0.182358412E+004
 0.355458454E+002 -0.182904157E+004
 0.357627736E+002 -0.183450189E+004
 0.359814220E+002 -0.183996509E+004
 0.362017996E+002 -0.184543119E+004
 0.364239153E+002 -0.185090017E+004
 0.366477780E+002 -0.185637206E+004
 0.368733968E+002 -0.186184685E+004
 0.371007806E+002 -0.186732456E+004
 0.373299383E+002 -0.187280518E+004
 0.375608791E+002 -0.187828872E+004
 0.377936119E+002 -0.188377518E+004
 0.380281458E+002 -0.188926458E+004
 0.382644899E+002 -0.189475691E+004
 0.385026533E+002 -0.190025219E+004
 0.387426451E+002 -0.190575041E+004
 0.389844745E+002 -0.191125159E+004
 0.392281505E+002 -0.191675572E+004
 0.394736824E+002 -0.192226281E+004
 0.397210793E+002 -0.192777288E+004
 0.399703504E+002 -0.193328591E+004
 0.402215051E+002 -0.193880193E+004
 0.404745524E+002 -0.194432092E+004
 0.407295017E+002 -0.194984291E+004
 0.409863623E+002 -0.195536788E+004
 0.412451435E+002 -0.196089586E+004
 0.415058546E+002 -0.196642684E+004
 0.417685048E+002 -0.197196082E+004
 0.420331037E+002 -0.197749782E+004
 0.422996605E+002 -0.198303784E+004
 0.425681846E+002 -0.198858087E+004
 0.428386855E+002 -0.199412694E+004
 0.431111725E+002 -0.199967604E+004
 0.433856552E+002 -0.200522817E+004
 0.436621430E+002 -0.201078335E+004
 0.439406453E+002 -0.201634157E+004
 0.442211717E+002 -0.202190284E+004
 0.445037316E+002 -0.202746717E+004
 0.447883347E+002 -0.203303457E+004
 0.450749904E+002 -0.203860502E+004
 0.453637084E+002 -0.204417855E+004
 0.456544982E+002 -0.204975515E+004
 0.459473694E+002 -0.205533483E+004
 0.462423316E+002 -0.206091759E+004
 0.465393945E+002 -0.206650344E+004
 0.468385678E+002 -0.207209239E+004
 0.471398611E+002 -0.207768443E+004
 0.474432841E+002 -0.208327957E+004
 0.477488466E+002 -0.208887782E+004
 0.480565581E+002 -0.209447919E+004
 0.483664286E+002 -0.210008366E+004
 0.486784677E+002 -0.210569126E+004
 0.489926852E+002 -0.211130198E+004
 0.493090910E+002 -0.211691583E+004
 0.496276947E+002 -0.212253281E+004
 0.499485064E+002 -0.212815293E+004
 0.502715357E+002 -0.213377618E+004
 0.505967926E+002 -0.213940259E+004
 0.509242870E+002 -0.214503214E+004
 0.512540287E+002 -0.215066485E+004
 0.515860277E+002 -0.215630072E+004
 0.519202938E+002 -0.216193975E+004
 0.522568371E+002 -0.216758195E+004
 0.525956674E+002 -0.217322731E+004
 0.529367949E+002 -0.217887585E+004
 0.532802294E+002 -0.218452758E+004
 0.536259809E+002 -0.219018248E+004
 0.539740596E+002 -0.219584057E+004
 0.543244755E+002 -0.220150185E+004
 0.546772385E+002 -0.220716633E+004
 0.550323588E+002 -0.221283400E+004
 0.553898465E+002 -0.221850488E+004
 0.557497117E+002 -0.222417897E+004
 0.561119645E+002 -0.222985626E+004
 0.564766151E+002 -0.223553677E+004
 0.568436736E+002 -0.224122050E+004
 0.572131501E+002 -0.224690745E+004
 0.575850550E+002 -0.225259763E+004
 0.579593983E+002 -0.225829103E+004
 0.583361903E+002 -0.226398767E+004
 0.587154412E+002 -0.226968755E+004
 0.590971613E+002 -0.227539067E+004
 0.594813609E+002 -0.228109703E+004
 0.598680502E+002 -0.228680665E+004
 0.602572395E+002 -0.229251951E+004
 0.606489392E+002 -0.229823563E+004
 0.610431596E+002 -0.230395501E+004
 0.614399110E+002 -0.230967765E+004
 0.618392037E+002 -0.231540355E+004
 0.622410482E+002 -0.232113273E+004
 0.626454549E+002 -0.232686518E+004
 0.630524341E+002 -0.233260091E+004
 0.634619963E+002 -0.233833992E+004
 0.638741518E+002 -0.234408221E+004
 0.642889113E+002 -0.234982778E+004
 0.647062850E+002 -0.235557665E+004
 0.651262836E+002 -0.236132881E+004
 0.655489174E+002 -0.236708427E+004
 0.659741971E+002 -0.237284303E+004
 0.664021331E+002 -0.237860509E+004
 0.668327359E+002 -0.238437046E+004
 0.672660162E+002 -0.239013914E+004
 0.677019845E+002 -0.239591113E+004
 0.681406513E+002 -0.240168644E+004
 0.685820273E+002 -0.240746507E+004
 0.690261231E+002 -0.241324702E+004
 0.694729493E+002 -0.241903230E+004
 0.699225166E+002 -0.242482090E+004
 0.703748356E+002 -0.243061284E+004
 0.708299169E+002 -0.243640811E+004
 0.712877713E+002 -0.244220672E+004
 0.717484094E+002 -0.244800867E+004
 0.722118420E+002 -0.245381397E+004
 0.726780798E+002 -0.245962261E+004
 0.731471335E+002 -0.246543460E+004
 0.736190140E+002 -0.247124994E+004
 0.740937318E+002 -0.247706864E+004
 0.745712979E+002 -0.248289070E+004
 0.750517230E+002 -0.248871611E+004
 0.755350179E+002 -0.249454489E+004
 0.760211935E+002 -0.250037704E+004
 0.765102606E+002 -0.250621256E+004
 0.770022300E+002 -0.251205145E+004
 0.774971126E+002 -0.251789371E+004
 0.779949193E+002 -0.252373935E+004
 0.784956609E+002 -0.252958837E+004
 0.789993484E+002 -0.253544077E+004
 0.795059927E+002 -0.254129656E+004
 0.800156047E+002 -0.254715573E+004
 0.805281953E+002 -0.255301829E+004
 0.810437756E+002 -0.255888425E+004
 0.815623564E+002 -0.256475360E+004
 0.820839488E+002 -0.257062635E+004
 0.826085637E+002 -0.257650250E+004
 0.831362122E+002 -0.258238205E+004
 0.836669052E+002 -0.258826501E+004
 0.842006538E+002 -0.259415137E+004
 0.847374691E+002 -0.260004114E+004
 0.852773621E+002 -0.260593432E+004
 0.858203439E+002 -0.261183092E+004
 0.863664255E+002 -0.261773093E+004
 0.869156181E+002 -0.262363436E+004
 0.874679328E+002 -0.262954121E+004
 0.880233806E+002 -0.263545148E+004
 0.885819727E+002 -0.264136518E+004
 0.891437203E+002 -0.264728230E+004
 0.897086345E+002 -0.265320286E+004
 0.902767265E+002 -0.265912684E+004
 0.908480074E+002 -0.266505426E+004
 0.914224885E+002 -0.267098511E+004
 0.920001810E+002 -0.267691940E+004
 0.925810960E+002 -0.268285712E+004
 0.931652448E+002 -0.268879829E+004
 0.110355077E+003 -0.285188878E+004
 0.130181090E+003 -0.301756052E+004
 0.152878887E+003 -0.318582900E+004
 0.178688791E+003 -0.335669435E+004
 0.207854940E+003 -0.353014100E+004
 0.240624368E+003 -0.370613740E+004
 0.277246065E+003 -0.388463576E+004
 0.317970025E+003 -0.406557186E+004
 0.363046282E+003 -0.424886496E+004
 0.412723938E+003 -0.443441766E+004
 0.467250184E+003 -0.462211592E+004
 0.526869322E+003 -0.481182908E+004
 0.591821779E+003 -0.500340993E+004
 0.662343140E+003 -0.519669487E+004
 0.738663168E+003 -0.539150407E+004
 0.821004849E+003 -0.558764177E+004
 0.909583445E+003 -0.578489653E+004
 0.100460555E+004 -0.598304163E+004
 0.110626820E+004 -0.618183543E+004
 0.121475795E+004 -0.638102188E+004
 0.133025001E+004 -0.658033097E+004
 0.145290742E+004 -0.677947935E+004
 0.158288023E+004 -0.697817090E+004
 0.172030468E+004 -0.717609735E+004
 0.186530253E+004 -0.737293906E+004
 0.201798026E+004 -0.756836567E+004
 0.217842846E+004 -0.776203691E+004
 0.234672117E+004 -0.795360343E+004
 0.252291528E+004 -0.814270765E+004
 0.270705004E+004 -0.832898459E+004
 0.289914649E+004 -0.851206288E+004
 0.309920707E+004 -0.869156560E+004
 0.330721520E+004 -0.886711134E+004
 0.352313493E+004 -0.903831514E+004
 0.374691064E+004 -0.920478952E+004
 0.397846683E+004 -0.936614551E+004
 0.421770791E+004 -0.952199371E+004
 0.446451806E+004 -0.967194533E+004
 0.471876120E+004 -0.981561326E+004
 0.498028092E+004 -0.995261317E+004
 0.524890058E+004 -0.100825645E+005
 0.552442335E+004 -0.102050918E+005
 0.580663241E+004 -0.103198252E+005
 0.609529115E+004 -0.104264024E+005
 0.639014342E+004 -0.105244689E+005
 0.669091388E+004 -0.106136793E+005
 0.699730840E+004 -0.106936985E+005
 0.730901444E+004 -0.107642028E+005
 0.762570158E+004 -0.108248802E+005
 0.794702209E+004 -0.108754324E+005
 0.827261145E+004 -0.109155748E+005
 0.860208907E+004 -0.109450379E+005
 0.893505894E+004 -0.109635683E+005
 0.927111041E+004 -0.109709289E+005
 0.960981892E+004 -0.109669006E+005
 0.995074689E+004 -0.109512823E+005
 0.102934445E+005 -0.109238920E+005
 0.106374509E+005 -0.108845674E+005
 0.109822945E+005 -0.108331665E+005
 0.113274947E+005 -0.107695683E+005
 0.116725625E+005 -0.106936732E+005
 0.120170017E+005 -0.106054035E+005
 0.123603095E+005 -0.105047039E+005
 0.127019785E+005 -0.103915418E+005
 0.130414969E+005 -0.102659079E+005
 0.133783502E+005 -0.101278159E+005
 0.137120220E+005 -0.997730315E+004
 0.140419955E+005 -0.981443074E+004
 0.143677543E+005 -0.963928347E+004
 0.146887838E+005 -0.945196993E+004
 0.150045723E+005 -0.925262251E+004
 0.153146123E+005 -0.904139724E+004
 0.156184013E+005 -0.881847366E+004
 0.159154435E+005 -0.858405466E+004
 0.162052504E+005 -0.833836613E+004
 0.164873424E+005 -0.808165669E+004
 0.167612496E+005 -0.781419728E+004
 0.170265129E+005 -0.753628071E+004
 0.172826855E+005 -0.724822118E+004
 0.175293334E+005 -0.695035371E+004
 0.177660367E+005 -0.664303353E+004
 0.179923906E+005 -0.632663543E+004
 0.182080064E+005 -0.600155305E+004
 0.184125123E+005 -0.566819811E+004
 0.186055541E+005 -0.532699961E+004
 0.187867968E+005 -0.497840296E+004
 0.189559244E+005 -0.462286912E+004
 0.191126413E+005 -0.426087365E+004
 0.192566730E+005 -0.389290574E+004
 0.193877663E+005 -0.351946718E+004
 0.195056906E+005 -0.314107136E+004
 0.196102378E+005 -0.275824217E+004
 0.197012231E+005 -0.237151291E+004
 0.197784855E+005 -0.198142519E+004
 0.198418880E+005 -0.158852773E+004
 0.198913183E+005 -0.119337526E+004
 0.199266886E+005 -0.796527319E+003
 0.199479359E+005 -0.398547045E+003
 0.199550225E+005 -0.182956740E-011
